1647531641
510049095967720533746760284238435979692873301309
1633176893
30771121654481667630625275197
27960463552828412371175039805
1498887531
30125473676353982619763308597
118562071786323770591224168890841781565
1498887531
1633176893
30701079256559524829743627581
1682389053
27605105216748480106165265213
133293205370964832762766810858615428730
30699955461959684314553475901
7230615429174476093
7092420011549543741
1498887531
27986984178605324340038619453
555716903019053290108148892510748818995716504893
1647466813
1651332659
30726410269666492832490736957
1498887531
30699870626104012351125081405
1647531641
27649693948643000358097993021
1682389053
27604883486946059994101005629
131860131435508108728456819743847315509
27939892942303496939293326653
30106287735078580212120763709
1647457341
30726410270397507540509734254
30726410269666492832490736957
1498887531
30699870626104012351125081405
30699974443570394505607084085
7020344859686358333
30391556577904424959541204285
